resizeIMG_000815.jpg 1 477,237,607,376
resizeIMG_000820.jpg 1 484,174,594,340
resizeIMG_000822.jpg 1 450,186,566,327
resizeIMG_000824.jpg 1 442,176,612,400
resizeIMG_000827.jpg 1 401,89,588,387
resizeIMG_000831.jpg 1 395,222,626,456
resizeIMG_000834.jpg 1 468,306,581,394
resizeIMG_000837.jpg 1 468,317,586,410
resizeIMG_000838.jpg 1 418,298,546,410
resizeIMG_000840.jpg 1 452,215,590,477
resizeIMG_000842.jpg 1 321,225,772,605
resizeIMG_000843.jpg 1 303,216,721,577
resizeIMG_000844.jpg 1 357,233,595,450
resizeIMG_000845.jpg 1 330,250,701,458
resizeIMG_000848.jpg 1 463,312,568,435
resizeIMG_000850.jpg 1 415,164,628,422
resizeIMG_000851.jpg 1 396,201,626,422
resizeIMG_000852.jpg 1 349,229,623,430
resizeIMG_000853.jpg 1 404,259,572,407
resizeIMG_000854.jpg 1 414,282,583,438
resizeIMG_000856.jpg 1 423,246,548,469
resizeIMG_000858.jpg 1 468,297,577,390
resizeIMG_000861.jpg 1 424,272,580,403
resizeIMG_000862.jpg 1 441,296,582,394
resizeIMG_000863.jpg 1 498,308,588,416
resizeIMG_000865.jpg 1 426,234,630,451
resizeIMG_000866.jpg 1 386,222,579,436
resizeIMG_000867.jpg 1 339,253,556,455
resizeIMG_000868.jpg 1 462,312,531,362
resizeIMG_000869.jpg 1 101,391,171,440
resizeIMG_000871.jpg 1 484,307,536,355
resizeIMG_000872.jpg 1 485,307,558,375
resizeIMG_000873.jpg 1 472,309,544,378
resizeIMG_000874.jpg 1 485,310,553,377
resizeIMG_000875.jpg 1 503,302,562,364
