resizeIMG_000685.jpg 15 406,190,688,401
resizeIMG_000686.jpg 15 374,158,660,375
resizeIMG_000690.jpg 15 440,187,559,332
resizeIMG_000692.jpg 15 569,273,660,362
resizeIMG_000696.jpg 15 501,338,525,359
resizeIMG_000697.jpg 15 496,320,547,384
resizeIMG_000698.jpg 15 428,303,551,414
resizeIMG_000699.jpg 15 471,273,632,417
resizeIMG_000704.jpg 15 445,254,584,395
resizeIMG_000705.jpg 15 395,286,540,420
resizeIMG_000707.jpg 15 235,362,496,598
resizeIMG_000708.jpg 15 366,247,600,399
resizeIMG_001212.jpg 15 451,152,577,347
resizeIMG_001213.jpg 15 473,219,600,412
resizeIMG_001214.jpg 15 478,178,609,289
resizeIMG_001215.jpg 15 440,256,567,361
resizeIMG_001218.jpg 15 449,255,598,384
resizeIMG_001219.jpg 15 386,227,535,356
resizeIMG_001220.jpg 15 438,227,543,318
resizeIMG_001223.jpg 15 477,178,651,380
resizeIMG_001224.jpg 15 400,151,599,393
resizeIMG_001227.jpg 15 341,203,520,430
