resizeIMG_001389.jpg 20 482,173,654,329
resizeIMG_001390.jpg 20 427,228,598,386
resizeIMG_001391.jpg 20 422,137,594,302
resizeIMG_001394.jpg 20 366,165,547,302
resizeIMG_001395.jpg 20 439,226,619,351
resizeIMG_001399.jpg 20 401,198,507,302
resizeIMG_001404.jpg 20 411,102,572,248
resizeIMG_001406.jpg 20 469,249,594,326
resizeIMG_001408.jpg 20 476,251,620,345
resizeIMG_001412.jpg 20 394,287,534,362
resizeIMG_001413.jpg 20 446,203,593,295
resizeIMG_001414.jpg 20 446,128,568,208
resizeIMG_001416.jpg 20 488,177,620,265
resizeIMG_001417.jpg 20 471,204,582,291
resizeIMG_001421.jpg 20 414,201,522,292
resizeIMG_001422.jpg 20 448,107,562,210
resizeIMG_001424.jpg 20 455,135,609,258
resizeIMG_001425.jpg 20 418,244,548,364
resizeIMG_001426.jpg 20 484,215,606,338
