resizeIMG_000769.jpg 29 506,338,663,483
resizeIMG_000772.jpg 29 578,290,674,378
resizeIMG_001371.jpg 29 497,184,595,286
resizeIMG_001372.jpg 29 457,177,582,312
resizeIMG_001375.jpg 29 460,205,592,315
resizeIMG_001378.jpg 29 459,189,606,321
resizeIMG_001379.jpg 29 458,176,603,312
resizeIMG_001380.jpg 29 508,230,583,303
resizeIMG_001381.jpg 29 465,238,562,336
resizeIMG_001383.jpg 29 489,265,563,332
resizeIMG_001384.jpg 29 467,228,563,320
resizeIMG_001385.jpg 29 472,223,560,315
resizeIMG_001387.jpg 29 437,200,575,340
