resizeIMG_000536.jpg 31 403,280,618,440
resizeIMG_000538.jpg 31 441,301,581,415
resizeIMG_000540.jpg 31 447,305,575,422
resizeIMG_000541.jpg 31 468,277,597,380
resizeIMG_000543.jpg 31 407,235,526,382
resizeIMG_000547.jpg 31 303,157,614,436
resizeIMG_000550.jpg 31 238,252,582,560
resizeIMG_000552.jpg 31 449,221,583,397
resizeIMG_000553.jpg 31 364,238,515,397
resizeIMG_000554.jpg 31 351,249,512,409
resizeIMG_000558.jpg 31 377,270,549,414
resizeIMG_000559.jpg 31 432,271,591,434
resizeIMG_000567.jpg 31 460,290,644,463
resizeIMG_000568.jpg 31 443,309,580,461
resizeIMG_000570.jpg 31 448,300,598,461
resizeIMG_000571.jpg 31 372,260,560,438
resizeIMG_000574.jpg 31 462,274,564,389
resizeIMG_000575.jpg 31 453,266,564,376
resizeIMG_000576.jpg 31 430,249,538,364
resizeIMG_000580.jpg 31 411,233,603,402
resizeIMG_000582.jpg 31 390,241,596,412
resizeIMG_000583.jpg 31 436,254,561,406
resizeIMG_000585.jpg 31 391,253,521,404
resizeIMG_000586.jpg 31 248,273,572,523
resizeIMG_000587.jpg 31 212,161,536,399
resizeIMG_000588.jpg 31 240,183,570,443
resizeIMG_000589.jpg 31 241,200,587,453
resizeIMG_000591.jpg 31 176,249,537,532
resizeIMG_000592.jpg 31 320,140,782,484
resizeIMG_000593.jpg 31 164,56,610,406
resizeIMG_000594.jpg 31 250,51,657,441
resizeIMG_000599.jpg 31 296,215,590,472
resizeIMG_000600.jpg 31 317,251,616,508
resizeIMG_000602.jpg 31 348,286,585,548
resizeIMG_000603.jpg 31 368,211,627,454
