resizeIMG_001012.jpg 38 396,260,614,544
resizeIMG_001014.jpg 38 596,176,830,418
resizeIMG_001017.jpg 38 562,170,664,298
resizeIMG_001018.jpg 38 561,163,668,292
resizeIMG_001022.jpg 38 567,221,676,324
resizeIMG_001024.jpg 38 366,224,562,404
resizeIMG_001025.jpg 38 385,230,540,406
resizeIMG_001028.jpg 38 441,234,604,357
resizeIMG_001030.jpg 38 450,222,619,348
resizeIMG_001031.jpg 38 406,208,556,338
resizeIMG_001033.jpg 38 462,224,531,300
resizeIMG_001037.jpg 38 530,231,602,310
resizeIMG_001038.jpg 38 564,222,632,301
resizeIMG_001039.jpg 38 500,268,634,356
resizeIMG_001041.jpg 38 526,296,650,378
resizeIMG_001042.jpg 38 516,304,660,386
resizeIMG_001044.jpg 38 545,293,683,380
resizeIMG_001046.jpg 38 564,262,674,380
resizeIMG_001047.jpg 38 548,232,618,290
resizeIMG_001050.jpg 38 426,356,546,440
resizeIMG_001052.jpg 38 498,246,544,330
resizeIMG_001054.jpg 38 470,246,590,345
resizeIMG_001056.jpg 38 470,257,606,375
resizeIMG_001057.jpg 38 424,232,516,285
resizeIMG_001058.jpg 38 349,270,404,338
resizeIMG_001059.jpg 38 413,318,459,381
resizeIMG_001063.jpg 38 324,184,458,316
resizeIMG_001064.jpg 38 460,184,652,335
resizeIMG_001065.jpg 38 514,212,638,362
resizeIMG_001066.jpg 38 514,187,642,378
resizeIMG_001069.jpg 38 467,68,700,329
resizeIMG_001071.jpg 38 467,198,650,394
resizeIMG_001072.jpg 38 203,564,604,963
resizeIMG_001075.jpg 38 380,124,602,371
resizeIMG_001080.jpg 38 394,148,594,466
resizeIMG_001081.jpg 38 385,142,591,423
resizeIMG_001082.jpg 38 380,84,564,396
resizeIMG_001085.jpg 38 282,182,534,482
resizeIMG_001088.jpg 38 368,125,638,496
resizeIMG_001089.jpg 38 312,208,557,558
resizeIMG_001091.jpg 38 62,264,668,1010
resizeIMG_001094.jpg 38 12,302,27,318
resizeIMG_001096.jpg 38 643,274,720,429
resizeIMG_001099.jpg 38 402,31,516,102
resizeIMG_001100.jpg 38 456,170,528,330
resizeIMG_001102.jpg 38 424,278,462,308
resizeIMG_001105.jpg 38 185,433,228,468
resizeIMG_001108.jpg 38 391,140,753,412
resizeIMG_001109.jpg 38 337,70,762,481
resizeIMG_001110.jpg 38 360,72,666,572
resizeIMG_001111.jpg 38 348,104,624,463
resizeIMG_001112.jpg 38 212,134,590,486
resizeIMG_001114.jpg 38 305,102,662,461
resizeIMG_001115.jpg 38 385,98,643,556
resizeIMG_001116.jpg 38 370,44,666,504
resizeIMG_001117.jpg 38 226,229,512,467
resizeIMG_001120.jpg 38 340,173,552,444
resizeIMG_001122.jpg 38 201,223,560,506
resizeIMG_001123.jpg 38 232,29,706,450
resizeIMG_001125.jpg 38 252,19,605,429
resizeIMG_001127.jpg 38 447,34,832,536
