resizeIMG_001241.jpg 40 469,256,535,312
resizeIMG_001243.jpg 40 377,238,535,348
resizeIMG_001247.jpg 40 451,239,563,318
resizeIMG_001248.jpg 40 429,310,535,386
resizeIMG_001250.jpg 40 469,239,580,319
resizeIMG_001251.jpg 40 443,227,556,308
resizeIMG_001253.jpg 40 425,212,575,314
resizeIMG_001256.jpg 40 432,225,582,332
resizeIMG_001258.jpg 40 433,266,576,370
resizeIMG_001259.jpg 40 420,224,565,322
resizeIMG_001260.jpg 40 386,206,533,306
resizeIMG_001261.jpg 40 416,240,566,343
resizeIMG_001264.jpg 40 429,250,536,313
resizeIMG_001266.jpg 40 393,202,537,289
resizeIMG_001267.jpg 40 416,187,572,280
resizeIMG_001269.jpg 40 401,249,551,340
resizeIMG_001270.jpg 40 395,267,541,356
resizeIMG_001271.jpg 40 401,220,536,313
resizeIMG_001273.jpg 40 422,263,559,356
resizeIMG_001275.jpg 40 425,222,580,318
resizeIMG_001277.jpg 40 400,239,552,335
resizeIMG_001280.jpg 40 435,240,556,317
resizeIMG_001282.jpg 40 442,231,581,323
resizeIMG_001284.jpg 40 453,243,573,329
resizeIMG_001287.jpg 40 425,203,565,323
resizeIMG_001290.jpg 40 403,239,546,314
