resizeIMG_000297.jpg 60 427,243,536,344
resizeIMG_000298.jpg 60 428,208,513,293
resizeIMG_000299.jpg 60 416,237,534,328
resizeIMG_000300.jpg 60 426,231,519,317
resizeIMG_000303.jpg 60 448,268,528,399
resizeIMG_000306.jpg 60 425,192,667,475
resizeIMG_000307.jpg 60 319,164,561,441
resizeIMG_000308.jpg 60 286,242,543,449
resizeIMG_000312.jpg 60 347,191,613,438
resizeIMG_000316.jpg 60 287,124,557,470
resizeIMG_000319.jpg 60 379,123,681,471
resizeIMG_000322.jpg 60 451,307,552,409
resizeIMG_000323.jpg 60 428,343,540,434
resizeIMG_000324.jpg 60 442,319,557,412
resizeIMG_000326.jpg 60 439,322,562,431
resizeIMG_000327.jpg 60 459,262,588,388
resizeIMG_000328.jpg 60 455,202,545,304
resizeIMG_000332.jpg 60 466,285,567,375
