resizeIMG_000184.jpg 66 407,170,473,245
resizeIMG_000186.jpg 66 451,194,517,286
resizeIMG_000188.jpg 66 497,246,523,279
resizeIMG_000189.jpg 66 512,126,592,225
resizeIMG_000194.jpg 66 372,98,579,290
resizeIMG_000196.jpg 66 477,276,529,356
resizeIMG_000199.jpg 66 535,313,606,390
resizeIMG_000201.jpg 66 529,328,604,405
resizeIMG_000202.jpg 66 533,333,590,419
resizeIMG_000203.jpg 66 529,325,668,452
resizeIMG_000205.jpg 66 512,359,582,449
resizeIMG_000207.jpg 66 466,351,565,422
resizeIMG_000209.jpg 66 519,338,575,413
resizeIMG_000211.jpg 66 487,337,587,416
resizeIMG_000212.jpg 66 481,298,574,380
resizeIMG_000214.jpg 66 448,345,595,424
resizeIMG_000215.jpg 66 498,318,616,450
resizeIMG_000216.jpg 66 482,319,630,441
resizeIMG_000219.jpg 66 451,362,596,463
resizeIMG_000220.jpg 66 479,330,641,430
resizeIMG_000221.jpg 66 516,274,586,396
