resizeIMG_000095.jpg 68 456,224,579,344
resizeIMG_000098.jpg 68 494,183,593,305
resizeIMG_000102.jpg 68 272,163,621,404
resizeIMG_000107.jpg 68 440,194,668,365
resizeIMG_000109.jpg 68 441,179,668,370
resizeIMG_000111.jpg 68 324,188,561,427
resizeIMG_000113.jpg 68 356,272,615,523
resizeIMG_000115.jpg 68 375,164,601,412
resizeIMG_000116.jpg 68 378,134,534,391
resizeIMG_000117.jpg 68 426,176,551,299
resizeIMG_000118.jpg 68 395,175,488,308
resizeIMG_000119.jpg 68 451,271,583,380
resizeIMG_000122.jpg 68 447,169,578,310
resizeIMG_000124.jpg 68 403,194,663,354
resizeIMG_000126.jpg 68 364,214,639,407
resizeIMG_000128.jpg 68 358,196,602,345
resizeIMG_000129.jpg 68 342,246,627,366
resizeIMG_000133.jpg 68 426,148,583,371
resizeIMG_000134.jpg 68 360,81,548,294
resizeIMG_000135.jpg 68 385,79,607,293
resizeIMG_000136.jpg 68 370,109,601,326
resizeIMG_000137.jpg 68 455,158,617,353
resizeIMG_000140.jpg 68 268,242,511,533
resizeIMG_000142.jpg 68 432,174,724,456
resizeIMG_000145.jpg 68 482,169,605,292
resizeIMG_000148.jpg 68 373,156,687,386
resizeIMG_000155.jpg 68 409,251,525,362
resizeIMG_000156.jpg 68 436,237,636,401
resizeIMG_000158.jpg 68 448,257,553,421
resizeIMG_000159.jpg 68 447,304,555,537
resizeIMG_000160.jpg 68 456,332,547,439
resizeIMG_000161.jpg 68 176,244,279,356
resizeIMG_000162.jpg 68 443,282,545,486
resizeIMG_000164.jpg 68 90,416,254,532
resizeIMG_000165.jpg 68 462,332,558,416
resizeIMG_000167.jpg 68 462,305,556,403
resizeIMG_000168.jpg 68 479,324,643,464
resizeIMG_000170.jpg 68 452,260,541,350
resizeIMG_000171.jpg 68 488,286,608,432
resizeIMG_000174.jpg 68 415,171,624,283
resizeIMG_000177.jpg 68 339,291,580,499
resizeIMG_000179.jpg 68 429,317,899,683
resizeIMG_000180.jpg 68 431,215,829,643
