resizeIMG_001144.jpg 71 351,238,868,478
resizeIMG_001146.jpg 71 308,194,692,427
resizeIMG_001150.jpg 71 264,154,737,448
resizeIMG_001153.jpg 71 490,72,744,582
resizeIMG_001155.jpg 71 528,20,764,536
resizeIMG_001156.jpg 71 494,94,714,416
resizeIMG_001157.jpg 71 582,136,926,384
resizeIMG_001159.jpg 71 464,150,757,430
resizeIMG_001160.jpg 71 403,48,706,354
resizeIMG_001162.jpg 71 324,94,730,510
resizeIMG_001163.jpg 71 342,120,801,427
resizeIMG_001164.jpg 71 314,104,630,550
resizeIMG_001166.jpg 71 422,200,602,329
