resizeIMG_000049.jpg 79 436,157,544,255
resizeIMG_000053.jpg 79 365,196,644,359
resizeIMG_000054.jpg 79 265,223,572,541
resizeIMG_000056.jpg 79 363,156,663,358
resizeIMG_000057.jpg 79 492,194,777,478
resizeIMG_000061.jpg 79 318,139,512,324
resizeIMG_000062.jpg 79 394,173,593,385
resizeIMG_000063.jpg 79 283,127,592,456
resizeIMG_000064.jpg 79 322,112,698,424
resizeIMG_000065.jpg 79 465,308,530,384
resizeIMG_000066.jpg 79 423,265,525,380
resizeIMG_000068.jpg 79 438,281,526,395
resizeIMG_000070.jpg 79 463,302,571,406
resizeIMG_000074.jpg 79 450,255,505,379
resizeIMG_000076.jpg 79 453,233,612,353
resizeIMG_000078.jpg 79 465,283,543,333
resizeIMG_000079.jpg 79 469,303,559,360
resizeIMG_000081.jpg 79 395,205,567,369
resizeIMG_000083.jpg 79 428,1,951,607
resizeIMG_000084.jpg 79 237,143,590,556
resizeIMG_000085.jpg 79 202,67,561,494
resizeIMG_000086.jpg 79 278,57,648,422
resizeIMG_000087.jpg 79 338,113,679,471
