resizeIMG_001296.jpg 80 470,174,626,411
resizeIMG_001298.jpg 80 256,66,516,333
resizeIMG_001299.jpg 80 375,138,631,399
resizeIMG_001300.jpg 80 434,130,715,402
resizeIMG_001301.jpg 80 336,161,586,450
resizeIMG_001302.jpg 80 367,189,547,367
resizeIMG_001305.jpg 80 422,208,525,347
resizeIMG_001306.jpg 80 433,237,561,371
resizeIMG_001307.jpg 80 463,220,590,355
resizeIMG_001309.jpg 80 408,192,602,362
resizeIMG_001315.jpg 80 456,205,564,275
resizeIMG_001316.jpg 80 382,201,537,262
resizeIMG_001318.jpg 80 473,260,498,290
resizeIMG_001319.jpg 80 461,248,523,329
resizeIMG_001323.jpg 80 458,229,580,385
resizeIMG_001325.jpg 80 409,176,587,342
resizeIMG_001326.jpg 80 471,310,640,460
resizeIMG_001329.jpg 80 466,217,551,310
resizeIMG_001337.jpg 80 367,18,760,443
resizeIMG_001338.jpg 80 336,83,681,471
resizeIMG_001339.jpg 80 370,100,707,481
resizeIMG_001340.jpg 80 390,93,756,493
resizeIMG_001341.jpg 80 239,0,625,356
resizeIMG_001342.jpg 80 328,120,668,451
resizeIMG_001343.jpg 80 189,1,636,380
resizeIMG_001346.jpg 80 458,187,580,298
resizeIMG_001347.jpg 80 407,144,695,407
resizeIMG_001348.jpg 80 490,149,724,418
