resizeIMG_000001.jpg 82 438,170,622,343
resizeIMG_000002.jpg 82 488,119,674,293
resizeIMG_000003.jpg 82 409,171,693,416
resizeIMG_000008.jpg 82 483,317,520,370
resizeIMG_000010.jpg 82 580,179,710,273
resizeIMG_000014.jpg 82 471,282,581,466
resizeIMG_000016.jpg 82 484,242,596,425
resizeIMG_000017.jpg 82 465,273,612,446
resizeIMG_000018.jpg 82 482,284,626,459
resizeIMG_000020.jpg 82 485,266,610,437
resizeIMG_000022.jpg 82 493,264,630,432
resizeIMG_000023.jpg 82 498,273,621,437
resizeIMG_000026.jpg 82 432,250,608,423
resizeIMG_000028.jpg 82 415,251,597,425
resizeIMG_000029.jpg 82 501,287,596,475
resizeIMG_000031.jpg 82 500,302,662,488
resizeIMG_000032.jpg 82 526,288,724,528
resizeIMG_000037.jpg 82 200,144,746,602
resizeIMG_000039.jpg 82 324,3,979,658
resizeIMG_000040.jpg 82 195,77,919,683
resizeIMG_000042.jpg 82 239,78,880,541
resizeIMG_000044.jpg 82 236,412,281,454
resizeIMG_000045.jpg 82 352,267,545,509
