resizeIMG_001170.jpg 86 463,236,617,328
resizeIMG_001171.jpg 86 411,278,504,341
resizeIMG_001174.jpg 86 443,252,549,382
resizeIMG_001179.jpg 86 377,263,572,410
resizeIMG_001180.jpg 86 395,279,556,388
resizeIMG_001181.jpg 86 351,233,581,381
resizeIMG_001182.jpg 86 334,233,563,385
resizeIMG_001183.jpg 86 385,226,619,381
resizeIMG_001186.jpg 86 420,190,613,401
resizeIMG_001187.jpg 86 446,199,596,404
resizeIMG_001188.jpg 86 482,242,542,331
resizeIMG_001189.jpg 86 475,256,534,352
resizeIMG_001190.jpg 86 465,241,543,362
resizeIMG_001193.jpg 86 479,265,536,332
resizeIMG_001196.jpg 86 476,225,536,370
resizeIMG_001199.jpg 86 479,203,580,341
resizeIMG_001201.jpg 86 412,47,599,385
resizeIMG_001202.jpg 86 454,252,629,383
resizeIMG_001203.jpg 86 463,266,566,361
resizeIMG_001204.jpg 86 409,328,608,433
