resizeIMG_000371.jpg 93 478,320,622,470
resizeIMG_000373.jpg 93 395,230,536,392
resizeIMG_000378.jpg 93 402,253,609,399
resizeIMG_000381.jpg 93 396,277,569,376
resizeIMG_000383.jpg 93 405,106,597,329
resizeIMG_000385.jpg 93 319,181,540,407
resizeIMG_000386.jpg 93 428,297,537,376
resizeIMG_000387.jpg 93 436,320,550,415
resizeIMG_000388.jpg 93 430,266,535,369
resizeIMG_000392.jpg 93 367,74,583,362
resizeIMG_000395.jpg 93 282,203,550,424
resizeIMG_000397.jpg 93 373,241,598,516
resizeIMG_000399.jpg 93 417,293,539,391
resizeIMG_000401.jpg 93 218,563,331,680
resizeIMG_000402.jpg 93 421,265,559,400
resizeIMG_000406.jpg 93 492,212,633,335
resizeIMG_000408.jpg 93 413,235,573,397
resizeIMG_000409.jpg 93 416,238,570,392
resizeIMG_000410.jpg 93 420,244,578,401
resizeIMG_000415.jpg 93 426,210,619,415
resizeIMG_000416.jpg 93 414,229,606,439
resizeIMG_000417.jpg 93 445,252,704,493
resizeIMG_000418.jpg 93 424,242,686,484
resizeIMG_000419.jpg 93 392,259,561,444
resizeIMG_000420.jpg 93 322,322,494,507
