resizeIMG_000001.jpg 82 438,170,622,343
resizeIMG_000002.jpg 82 488,119,674,293
resizeIMG_000003.jpg 82 409,171,693,416
resizeIMG_000008.jpg 82 483,317,520,370
resizeIMG_000010.jpg 82 580,179,710,273
resizeIMG_000014.jpg 82 471,282,581,466
resizeIMG_000016.jpg 82 484,242,596,425
resizeIMG_000017.jpg 82 465,273,612,446
resizeIMG_000018.jpg 82 482,284,626,459
resizeIMG_000020.jpg 82 485,266,610,437
resizeIMG_000022.jpg 82 493,264,630,432
resizeIMG_000023.jpg 82 498,273,621,437
resizeIMG_000026.jpg 82 432,250,608,423
resizeIMG_000028.jpg 82 415,251,597,425
resizeIMG_000029.jpg 82 501,287,596,475
resizeIMG_000031.jpg 82 500,302,662,488
resizeIMG_000032.jpg 82 526,288,724,528
resizeIMG_000037.jpg 82 200,144,746,602
resizeIMG_000039.jpg 82 324,3,979,658
resizeIMG_000040.jpg 82 195,77,919,683
resizeIMG_000042.jpg 82 239,78,880,541
resizeIMG_000044.jpg 82 236,412,281,454
resizeIMG_000045.jpg 82 352,267,545,509
resizeIMG_000049.jpg 79 436,157,544,255
resizeIMG_000053.jpg 79 365,196,644,359
resizeIMG_000054.jpg 79 265,223,572,541
resizeIMG_000056.jpg 79 363,156,663,358
resizeIMG_000057.jpg 79 492,194,777,478
resizeIMG_000061.jpg 79 318,139,512,324
resizeIMG_000062.jpg 79 394,173,593,385
resizeIMG_000063.jpg 79 283,127,592,456
resizeIMG_000064.jpg 79 322,112,698,424
resizeIMG_000065.jpg 79 465,308,530,384
resizeIMG_000066.jpg 79 423,265,525,380
resizeIMG_000068.jpg 79 438,281,526,395
resizeIMG_000070.jpg 79 463,302,571,406
resizeIMG_000074.jpg 79 450,255,505,379
resizeIMG_000076.jpg 79 453,233,612,353
resizeIMG_000078.jpg 79 465,283,543,333
resizeIMG_000079.jpg 79 469,303,559,360
resizeIMG_000081.jpg 79 395,205,567,369
resizeIMG_000083.jpg 79 428,1,951,607
resizeIMG_000084.jpg 79 237,143,590,556
resizeIMG_000085.jpg 79 202,67,561,494
resizeIMG_000086.jpg 79 278,57,648,422
resizeIMG_000087.jpg 79 338,113,679,471
resizeIMG_000092.jpg 94 62,174,732,569
resizeIMG_000095.jpg 68 456,224,579,344
resizeIMG_000098.jpg 68 494,183,593,305
resizeIMG_000102.jpg 68 272,163,621,404
resizeIMG_000107.jpg 68 440,194,668,365
resizeIMG_000109.jpg 68 441,179,668,370
resizeIMG_000111.jpg 68 324,188,561,427
resizeIMG_000113.jpg 68 356,272,615,523
resizeIMG_000115.jpg 68 375,164,601,412
resizeIMG_000116.jpg 68 378,134,534,391
resizeIMG_000117.jpg 68 426,176,551,299
resizeIMG_000118.jpg 68 395,175,488,308
resizeIMG_000119.jpg 68 451,271,583,380
resizeIMG_000122.jpg 68 447,169,578,310
resizeIMG_000124.jpg 68 403,194,663,354
resizeIMG_000126.jpg 68 364,214,639,407
resizeIMG_000128.jpg 68 358,196,602,345
resizeIMG_000129.jpg 68 342,246,627,366
resizeIMG_000133.jpg 68 426,148,583,371
resizeIMG_000134.jpg 68 360,81,548,294
resizeIMG_000135.jpg 68 385,79,607,293
resizeIMG_000136.jpg 68 370,109,601,326
resizeIMG_000137.jpg 68 455,158,617,353
resizeIMG_000140.jpg 68 268,242,511,533
resizeIMG_000142.jpg 68 432,174,724,456
resizeIMG_000145.jpg 68 482,169,605,292
resizeIMG_000148.jpg 68 373,156,687,386
resizeIMG_000155.jpg 68 409,251,525,362
resizeIMG_000156.jpg 68 436,237,636,401
resizeIMG_000158.jpg 68 448,257,553,421
resizeIMG_000159.jpg 68 447,304,555,537
resizeIMG_000160.jpg 68 456,332,547,439
resizeIMG_000161.jpg 68 176,244,279,356
resizeIMG_000162.jpg 68 443,282,545,486
resizeIMG_000164.jpg 68 90,416,254,532
resizeIMG_000165.jpg 68 462,332,558,416
resizeIMG_000167.jpg 68 462,305,556,403
resizeIMG_000168.jpg 68 479,324,643,464
resizeIMG_000170.jpg 68 452,260,541,350
resizeIMG_000171.jpg 68 488,286,608,432
resizeIMG_000174.jpg 68 415,171,624,283
resizeIMG_000177.jpg 68 339,291,580,499
resizeIMG_000179.jpg 68 429,317,899,683
resizeIMG_000180.jpg 68 431,215,829,643
resizeIMG_000184.jpg 66 407,170,473,245
resizeIMG_000186.jpg 66 451,194,517,286
resizeIMG_000188.jpg 66 497,246,523,279
resizeIMG_000189.jpg 66 512,126,592,225
resizeIMG_000194.jpg 66 372,98,579,290
resizeIMG_000196.jpg 66 477,276,529,356
resizeIMG_000199.jpg 66 535,313,606,390
resizeIMG_000201.jpg 66 529,328,604,405
resizeIMG_000202.jpg 66 533,333,590,419
resizeIMG_000203.jpg 66 529,325,668,452
resizeIMG_000205.jpg 66 512,359,582,449
resizeIMG_000207.jpg 66 466,351,565,422
resizeIMG_000209.jpg 66 519,338,575,413
resizeIMG_000211.jpg 66 487,337,587,416
resizeIMG_000212.jpg 66 481,298,574,380
resizeIMG_000214.jpg 66 448,345,595,424
resizeIMG_000215.jpg 66 498,318,616,450
resizeIMG_000216.jpg 66 482,319,630,441
resizeIMG_000219.jpg 66 451,362,596,463
resizeIMG_000220.jpg 66 479,330,641,430
resizeIMG_000221.jpg 66 516,274,586,396
resizeIMG_000224.jpg 35 174,195,371,389
resizeIMG_000227.jpg 35 174,195,371,389
resizeIMG_000228.jpg 35 116,195,324,384
resizeIMG_000229.jpg 35 174,198,375,395
resizeIMG_000233.jpg 35 198,218,342,368
resizeIMG_000234.jpg 35 121,214,325,374
resizeIMG_000238.jpg 35 146,235,298,419
resizeIMG_000241.jpg 35 242,248,369,394
resizeIMG_000242.jpg 35 242,202,375,358
resizeIMG_000243.jpg 35 268,274,389,420
resizeIMG_000245.jpg 14 411,288,492,413
resizeIMG_000248.jpg 14 440,84,485,131
resizeIMG_000249.jpg 14 363,267,418,321
resizeIMG_000250.jpg 61 462,235,506,312
resizeIMG_000252.jpg 61 456,307,526,404
resizeIMG_000254.jpg 61 452,249,519,359
resizeIMG_000255.jpg 61 470,271,560,380
resizeIMG_000259.jpg 61 475,194,608,333
resizeIMG_000260.jpg 61 394,266,546,415
resizeIMG_000261.jpg 61 474,178,622,401
resizeIMG_000262.jpg 61 306,0,541,179
resizeIMG_000267.jpg 85 432,259,579,373
resizeIMG_000268.jpg 85 383,264,643,416
resizeIMG_000269.jpg 85 337,248,603,395
resizeIMG_000270.jpg 27 307,252,603,473
resizeIMG_000271.jpg 27 419,301,618,467
resizeIMG_000274.jpg 4 422,349,597,456
resizeIMG_000275.jpg 4 438,350,615,460
resizeIMG_000277.jpg 62 444,124,571,395
resizeIMG_000281.jpg 62 413,14,516,178
resizeIMG_000282.jpg 62 467,208,582,375
resizeIMG_000283.jpg 62 446,239,534,401
resizeIMG_000285.jpg 17 476,322,611,399
resizeIMG_000287.jpg 17 368,314,620,467
resizeIMG_000289.jpg 17 467,300,595,427
resizeIMG_000290.jpg 17 439,357,562,491
resizeIMG_000293.jpg 17 424,327,621,525
resizeIMG_000294.jpg 17 435,427,561,542
resizeIMG_000295.jpg 17 456,387,632,533
resizeIMG_000297.jpg 60 427,243,536,344
resizeIMG_000298.jpg 60 428,208,513,293
resizeIMG_000299.jpg 60 416,237,534,328
resizeIMG_000300.jpg 60 426,231,519,317
resizeIMG_000303.jpg 60 448,268,528,399
resizeIMG_000306.jpg 60 425,192,667,475
resizeIMG_000307.jpg 60 319,164,561,441
resizeIMG_000308.jpg 60 286,242,543,449
resizeIMG_000312.jpg 60 347,191,613,438
resizeIMG_000316.jpg 60 287,124,557,470
resizeIMG_000319.jpg 60 379,123,681,471
resizeIMG_000322.jpg 60 451,307,552,409
resizeIMG_000323.jpg 60 428,343,540,434
resizeIMG_000324.jpg 60 442,319,557,412
resizeIMG_000326.jpg 60 439,322,562,431
resizeIMG_000327.jpg 60 459,262,588,388
resizeIMG_000328.jpg 60 455,202,545,304
resizeIMG_000332.jpg 60 466,285,567,375
resizeIMG_000335.jpg 9 499,377,583,437
resizeIMG_000338.jpg 9 534,312,641,420
resizeIMG_000339.jpg 9 440,354,559,439
resizeIMG_000340.jpg 9 457,328,575,442
resizeIMG_000344.jpg 28 111,173,778,529
resizeIMG_000346.jpg 13 356,334,416,395
resizeIMG_000351.jpg 87 424,230,598,482
resizeIMG_000353.jpg 87 330,188,647,470
resizeIMG_000354.jpg 87 340,168,658,396
resizeIMG_000355.jpg 87 262,254,562,560
resizeIMG_000357.jpg 87 266,184,514,549
resizeIMG_000360.jpg 87 325,178,588,479
resizeIMG_000363.jpg 87 393,191,524,306
resizeIMG_000364.jpg 87 266,170,474,427
resizeIMG_000365.jpg 87 228,176,344,337
resizeIMG_000366.jpg 12 418,258,550,384
resizeIMG_000367.jpg 12 495,288,692,466
resizeIMG_000370.jpg 12 491,321,694,494
resizeIMG_000371.jpg 93 478,320,622,470
resizeIMG_000373.jpg 93 395,230,536,392
resizeIMG_000378.jpg 93 402,253,609,399
resizeIMG_000381.jpg 93 396,277,569,376
resizeIMG_000383.jpg 93 405,106,597,329
resizeIMG_000385.jpg 93 319,181,540,407
resizeIMG_000386.jpg 93 428,297,537,376
resizeIMG_000387.jpg 93 436,320,550,415
resizeIMG_000388.jpg 93 430,266,535,369
resizeIMG_000392.jpg 93 367,74,583,362
resizeIMG_000395.jpg 93 282,203,550,424
resizeIMG_000397.jpg 93 373,241,598,516
resizeIMG_000399.jpg 93 417,293,539,391
resizeIMG_000401.jpg 93 218,563,331,680
resizeIMG_000402.jpg 93 421,265,559,400
resizeIMG_000406.jpg 93 492,212,633,335
resizeIMG_000408.jpg 93 413,235,573,397
resizeIMG_000409.jpg 93 416,238,570,392
resizeIMG_000410.jpg 93 420,244,578,401
resizeIMG_000415.jpg 93 426,210,619,415
resizeIMG_000416.jpg 93 414,229,606,439
resizeIMG_000417.jpg 93 445,252,704,493
resizeIMG_000418.jpg 93 424,242,686,484
resizeIMG_000419.jpg 93 392,259,561,444
resizeIMG_000420.jpg 93 322,322,494,507
resizeIMG_000425.jpg 92 396,240,557,394
resizeIMG_000428.jpg 92 440,266,556,363
resizeIMG_000429.jpg 92 383,253,562,415
resizeIMG_000430.jpg 92 400,221,579,408
resizeIMG_000432.jpg 92 446,269,605,458
resizeIMG_000434.jpg 92 419,248,588,395
resizeIMG_000435.jpg 92 433,261,535,399
resizeIMG_000436.jpg 92 441,292,543,416
resizeIMG_000437.jpg 92 415,243,556,383
resizeIMG_000438.jpg 92 445,277,546,404
resizeIMG_000442.jpg 23 444,82,714,346
resizeIMG_000443.jpg 23 442,62,718,332
resizeIMG_000445.jpg 23 421,84,684,349
resizeIMG_000447.jpg 25 489,308,572,439
resizeIMG_000448.jpg 25 465,285,542,382
resizeIMG_000450.jpg 25 343,266,523,440
resizeIMG_000452.jpg 25 474,303,537,376
resizeIMG_000454.jpg 25 450,297,514,374
resizeIMG_000455.jpg 25 466,243,587,359
resizeIMG_000456.jpg 25 430,291,554,405
resizeIMG_000458.jpg 25 428,290,547,401
resizeIMG_000462.jpg 25 435,300,552,407
resizeIMG_000466.jpg 54 450,302,571,398
resizeIMG_000467.jpg 54 288,216,455,419
resizeIMG_000469.jpg 83 450,246,559,359
resizeIMG_000472.jpg 83 430,219,605,393
resizeIMG_000475.jpg 83 388,247,555,409
resizeIMG_000476.jpg 83 422,215,585,375
resizeIMG_000478.jpg 83 483,300,528,347
resizeIMG_000479.jpg 83 331,239,507,413
resizeIMG_000480.jpg 83 392,278,519,403
resizeIMG_000481.jpg 53 380,202,557,384
resizeIMG_000483.jpg 53 307,139,561,395
resizeIMG_000484.jpg 53 283,169,566,427
resizeIMG_000485.jpg 53 279,189,551,450
resizeIMG_000487.jpg 53 433,140,741,407
resizeIMG_000490.jpg 53 418,147,703,433
resizeIMG_000495.jpg 53 457,147,741,439
resizeIMG_000496.jpg 53 387,144,670,434
resizeIMG_000498.jpg 53 454,277,574,379
resizeIMG_000499.jpg 53 472,318,597,407
resizeIMG_000501.jpg 53 464,286,594,373
resizeIMG_000503.jpg 34 414,272,531,395
resizeIMG_000505.jpg 69 426,276,554,369
resizeIMG_000506.jpg 69 408,261,542,357
resizeIMG_000510.jpg 22 400,215,606,413
resizeIMG_000512.jpg 22 429,119,662,363
resizeIMG_000513.jpg 22 435,256,509,397
resizeIMG_000514.jpg 22 475,301,543,358
resizeIMG_000515.jpg 22 400,161,573,321
resizeIMG_000518.jpg 88 432,262,554,386
resizeIMG_000520.jpg 88 420,232,566,381
resizeIMG_000521.jpg 88 420,242,568,392
resizeIMG_000523.jpg 88 421,241,564,388
resizeIMG_000525.jpg 88 409,233,598,420
resizeIMG_000526.jpg 88 402,217,586,398
resizeIMG_000531.jpg 36 443,280,586,391
resizeIMG_000533.jpg 36 429,257,630,402
resizeIMG_000534.jpg 36 130,142,524,503
resizeIMG_000536.jpg 31 403,280,618,440
resizeIMG_000538.jpg 31 441,301,581,415
resizeIMG_000540.jpg 31 447,305,575,422
resizeIMG_000541.jpg 31 468,277,597,380
resizeIMG_000543.jpg 31 407,235,526,382
resizeIMG_000547.jpg 31 303,157,614,436
resizeIMG_000550.jpg 31 238,252,582,560
resizeIMG_000552.jpg 31 449,221,583,397
resizeIMG_000553.jpg 31 364,238,515,397
resizeIMG_000554.jpg 31 351,249,512,409
resizeIMG_000558.jpg 31 377,270,549,414
resizeIMG_000559.jpg 31 432,271,591,434
resizeIMG_000567.jpg 31 460,290,644,463
resizeIMG_000568.jpg 31 443,309,580,461
resizeIMG_000570.jpg 31 448,300,598,461
resizeIMG_000571.jpg 31 372,260,560,438
resizeIMG_000574.jpg 31 462,274,564,389
resizeIMG_000575.jpg 31 453,266,564,376
resizeIMG_000576.jpg 31 430,249,538,364
resizeIMG_000580.jpg 31 411,233,603,402
resizeIMG_000582.jpg 31 390,241,596,412
resizeIMG_000583.jpg 31 436,254,561,406
resizeIMG_000585.jpg 31 391,253,521,404
resizeIMG_000586.jpg 31 248,273,572,523
resizeIMG_000587.jpg 31 212,161,536,399
resizeIMG_000588.jpg 31 240,183,570,443
resizeIMG_000589.jpg 31 241,200,587,453
resizeIMG_000591.jpg 31 176,249,537,532
resizeIMG_000592.jpg 31 320,140,782,484
resizeIMG_000593.jpg 31 164,56,610,406
resizeIMG_000594.jpg 31 250,51,657,441
resizeIMG_000599.jpg 31 296,215,590,472
resizeIMG_000600.jpg 31 317,251,616,508
resizeIMG_000602.jpg 31 348,286,585,548
resizeIMG_000603.jpg 31 368,211,627,454
resizeIMG_000608.jpg 77 441,224,622,331
resizeIMG_000610.jpg 77 316,198,664,402
resizeIMG_000612.jpg 18 484,326,518,352
resizeIMG_000613.jpg 18 508,327,567,368
resizeIMG_000614.jpg 18 462,306,559,368
resizeIMG_000618.jpg 18 442,287,538,399
resizeIMG_000619.jpg 18 358,157,621,402
resizeIMG_000620.jpg 18 359,195,617,437
resizeIMG_000623.jpg 18 399,187,713,397
resizeIMG_000625.jpg 18 377,142,705,358
resizeIMG_000630.jpg 81 382,296,551,407
resizeIMG_000631.jpg 81 471,215,617,319
resizeIMG_000632.jpg 81 478,263,618,374
resizeIMG_000635.jpg 81 405,248,555,375
resizeIMG_000639.jpg 81 475,245,602,388
resizeIMG_000640.jpg 81 407,59,575,223
resizeIMG_000641.jpg 81 500,259,577,378
resizeIMG_000644.jpg 81 419,282,566,406
resizeIMG_000645.jpg 81 442,253,585,378
resizeIMG_000648.jpg 58 448,259,781,506
resizeIMG_000652.jpg 89 441,288,530,405
resizeIMG_000653.jpg 89 390,289,559,411
resizeIMG_000655.jpg 67 464,192,711,424
resizeIMG_000658.jpg 37 350,236,457,329
resizeIMG_000660.jpg 37 459,332,557,409
resizeIMG_000661.jpg 37 398,305,538,419
resizeIMG_000662.jpg 5 320,264,600,421
resizeIMG_000665.jpg 91 200,196,560,479
resizeIMG_000667.jpg 91 334,139,596,370
resizeIMG_000668.jpg 91 370,263,653,494
resizeIMG_000670.jpg 91 343,161,670,616
resizeIMG_000673.jpg 91 412,183,592,375
resizeIMG_000674.jpg 91 401,276,918,605
resizeIMG_000677.jpg 11 437,104,602,274
resizeIMG_000679.jpg 11 420,169,592,343
resizeIMG_000680.jpg 11 454,172,625,342
resizeIMG_000682.jpg 11 419,81,585,263
resizeIMG_000683.jpg 11 438,101,597,277
resizeIMG_000685.jpg 15 406,190,688,401
resizeIMG_000686.jpg 15 374,158,660,375
resizeIMG_000690.jpg 15 440,187,559,332
resizeIMG_000692.jpg 15 569,273,660,362
resizeIMG_000696.jpg 15 501,338,525,359
resizeIMG_000697.jpg 15 496,320,547,384
resizeIMG_000698.jpg 15 428,303,551,414
resizeIMG_000699.jpg 15 471,273,632,417
resizeIMG_000704.jpg 15 445,254,584,395
resizeIMG_000705.jpg 15 395,286,540,420
resizeIMG_000707.jpg 15 235,362,496,598
resizeIMG_000708.jpg 15 366,247,600,399
resizeIMG_000709.jpg 42 431,319,553,383
resizeIMG_000711.jpg 44 292,150,524,446
resizeIMG_000713.jpg 44 271,309,659,597
resizeIMG_000715.jpg 50 443,199,595,384
resizeIMG_000718.jpg 50 359,150,778,567
resizeIMG_000719.jpg 50 368,200,555,375
resizeIMG_000720.jpg 50 324,208,571,411
resizeIMG_000721.jpg 50 451,273,520,347
resizeIMG_000723.jpg 56 304,185,673,600
resizeIMG_000725.jpg 56 389,213,553,462
resizeIMG_000728.jpg 56 454,271,567,395
resizeIMG_000729.jpg 21 333,269,536,439
resizeIMG_000733.jpg 21 530,242,662,421
resizeIMG_000735.jpg 21 180,245,536,567
resizeIMG_000736.jpg 21 214,114,542,437
resizeIMG_000738.jpg 21 432,282,557,390
resizeIMG_000739.jpg 59 404,181,655,382
resizeIMG_000741.jpg 65 351,170,598,384
resizeIMG_000742.jpg 65 462,208,717,434
resizeIMG_000748.jpg 10 497,273,655,360
resizeIMG_000749.jpg 10 420,321,500,401
resizeIMG_000750.jpg 10 372,252,515,394
resizeIMG_000751.jpg 10 466,137,728,598
resizeIMG_000754.jpg 75 405,212,634,455
resizeIMG_000755.jpg 75 444,218,556,374
resizeIMG_000756.jpg 70 209,13,420,178
resizeIMG_000758.jpg 70 500,238,564,389
resizeIMG_000759.jpg 39 175,242,871,681
resizeIMG_000760.jpg 39 348,236,612,363
resizeIMG_000762.jpg 73 408,104,652,602
resizeIMG_000764.jpg 8 404,259,662,414
resizeIMG_000767.jpg 8 481,334,518,355
resizeIMG_000768.jpg 8 493,343,531,363
resizeIMG_000769.jpg 29 506,338,663,483
resizeIMG_000772.jpg 29 578,290,674,378
resizeIMG_000776.jpg 74 421,295,506,371
resizeIMG_000778.jpg 72 296,297,348,343
resizeIMG_000780.jpg 72 382,320,426,368
resizeIMG_000781.jpg 72 324,365,374,413
resizeIMG_000783.jpg 32 466,238,541,296
resizeIMG_000784.jpg 32 470,233,514,314
resizeIMG_000785.jpg 32 488,227,539,313
resizeIMG_000787.jpg 32 483,274,534,357
resizeIMG_000788.jpg 32 433,307,486,373
resizeIMG_000790.jpg 32 532,310,600,416
resizeIMG_000793.jpg 32 574,289,663,400
resizeIMG_000795.jpg 32 564,307,629,410
resizeIMG_000800.jpg 49 490,187,547,291
resizeIMG_000804.jpg 49 522,300,541,346
resizeIMG_000805.jpg 49 505,304,545,349
resizeIMG_000815.jpg 1 477,237,607,376
resizeIMG_000820.jpg 1 484,174,594,340
resizeIMG_000822.jpg 1 450,186,566,327
resizeIMG_000824.jpg 1 442,176,612,400
resizeIMG_000827.jpg 1 401,89,588,387
resizeIMG_000831.jpg 1 395,222,626,456
resizeIMG_000834.jpg 1 468,306,581,394
resizeIMG_000837.jpg 1 468,317,586,410
resizeIMG_000838.jpg 1 418,298,546,410
resizeIMG_000840.jpg 1 452,215,590,477
resizeIMG_000842.jpg 1 321,225,772,605
resizeIMG_000843.jpg 1 303,216,721,577
resizeIMG_000844.jpg 1 357,233,595,450
resizeIMG_000845.jpg 1 330,250,701,458
resizeIMG_000848.jpg 1 463,312,568,435
resizeIMG_000850.jpg 1 415,164,628,422
resizeIMG_000851.jpg 1 396,201,626,422
resizeIMG_000852.jpg 1 349,229,623,430
resizeIMG_000853.jpg 1 404,259,572,407
resizeIMG_000854.jpg 1 414,282,583,438
resizeIMG_000856.jpg 1 423,246,548,469
resizeIMG_000858.jpg 1 468,297,577,390
resizeIMG_000861.jpg 1 424,272,580,403
resizeIMG_000862.jpg 1 441,296,582,394
resizeIMG_000863.jpg 1 498,308,588,416
resizeIMG_000865.jpg 1 426,234,630,451
resizeIMG_000866.jpg 1 386,222,579,436
resizeIMG_000867.jpg 1 339,253,556,455
resizeIMG_000868.jpg 1 462,312,531,362
resizeIMG_000869.jpg 1 101,391,171,440
resizeIMG_000871.jpg 1 484,307,536,355
resizeIMG_000872.jpg 1 485,307,558,375
resizeIMG_000873.jpg 1 472,309,544,378
resizeIMG_000874.jpg 1 485,310,553,377
resizeIMG_000875.jpg 1 503,302,562,364
resizeIMG_000876.jpg 24 140,367,716,1046
resizeIMG_000880.jpg 47 518,408,806,726
resizeIMG_000882.jpg 47 538,230,590,263
resizeIMG_000883.jpg 78 334,204,542,359
resizeIMG_000885.jpg 78 440,305,542,382
resizeIMG_000887.jpg 78 430,343,555,448
resizeIMG_000890.jpg 78 461,507,644,789
resizeIMG_000891.jpg 30 474,309,536,405
resizeIMG_000892.jpg 30 451,295,561,384
resizeIMG_000894.jpg 30 428,304,584,392
resizeIMG_000897.jpg 30 394,334,641,466
resizeIMG_000898.jpg 30 393,262,636,393
resizeIMG_000902.jpg 48 528,199,615,342
resizeIMG_000903.jpg 48 467,201,594,332
resizeIMG_000905.jpg 48 509,182,626,312
resizeIMG_000907.jpg 48 526,219,644,342
resizeIMG_000908.jpg 48 516,260,629,382
resizeIMG_000912.jpg 48 412,305,590,468
resizeIMG_000914.jpg 41 348,170,648,470
resizeIMG_000915.jpg 41 498,268,687,452
resizeIMG_000917.jpg 26 418,189,592,386
resizeIMG_000919.jpg 26 407,191,585,389
resizeIMG_000921.jpg 33 487,315,525,368
resizeIMG_000923.jpg 33 472,304,538,359
resizeIMG_000925.jpg 33 493,323,537,373
resizeIMG_000926.jpg 6 309,197,760,525
resizeIMG_000930.jpg 55 377,139,599,479
resizeIMG_000932.jpg 55 458,320,528,437
resizeIMG_000933.jpg 55 484,305,559,420
resizeIMG_000935.jpg 55 474,289,551,407
resizeIMG_000936.jpg 90 76,275,137,318
resizeIMG_000937.jpg 90 338,97,471,172
resizeIMG_000939.jpg 90 400,191,575,364
resizeIMG_000943.jpg 3 450,116,860,526
resizeIMG_000944.jpg 3 456,88,844,490
resizeIMG_000946.jpg 3 493,142,810,540
resizeIMG_000947.jpg 3 430,102,806,486
resizeIMG_000948.jpg 3 332,104,562,412
resizeIMG_000954.jpg 46 510,164,564,242
resizeIMG_000955.jpg 46 518,172,570,233
resizeIMG_000956.jpg 46 522,183,572,244
resizeIMG_000960.jpg 46 498,290,573,336
resizeIMG_000961.jpg 46 466,268,538,323
resizeIMG_000962.jpg 46 438,242,485,295
resizeIMG_000964.jpg 46 431,204,482,268
resizeIMG_000966.jpg 52 286,205,613,492
resizeIMG_000967.jpg 52 418,300,520,423
resizeIMG_000969.jpg 76 447,230,605,392
resizeIMG_000971.jpg 76 443,211,605,361
resizeIMG_000973.jpg 76 434,220,597,381
resizeIMG_000974.jpg 76 371,259,512,390
resizeIMG_000975.jpg 64 370,228,555,397
resizeIMG_000976.jpg 64 428,202,584,385
resizeIMG_000978.jpg 64 397,199,572,389
resizeIMG_000982.jpg 64 465,182,598,345
resizeIMG_000984.jpg 64 391,261,542,411
resizeIMG_000985.jpg 51 477,170,614,393
resizeIMG_000988.jpg 51 492,232,649,434
resizeIMG_000989.jpg 51 376,267,540,424
resizeIMG_000990.jpg 51 444,274,564,362
resizeIMG_000992.jpg 51 451,244,609,390
resizeIMG_000995.jpg 57 449,219,567,395
resizeIMG_000996.jpg 57 445,311,567,491
resizeIMG_001000.jpg 43 397,179,543,315
resizeIMG_001002.jpg 43 396,209,537,369
resizeIMG_001005.jpg 43 347,116,557,321
resizeIMG_001006.jpg 43 426,257,558,366
resizeIMG_001007.jpg 84 499,321,560,362
resizeIMG_001009.jpg 84 485,311,529,372
resizeIMG_001012.jpg 38 396,260,614,544
resizeIMG_001014.jpg 38 596,176,830,418
resizeIMG_001017.jpg 38 562,170,664,298
resizeIMG_001018.jpg 38 561,163,668,292
resizeIMG_001022.jpg 38 567,221,676,324
resizeIMG_001024.jpg 38 366,224,562,404
resizeIMG_001025.jpg 38 385,230,540,406
resizeIMG_001028.jpg 38 441,234,604,357
resizeIMG_001030.jpg 38 450,222,619,348
resizeIMG_001031.jpg 38 406,208,556,338
resizeIMG_001033.jpg 38 462,224,531,300
resizeIMG_001037.jpg 38 530,231,602,310
resizeIMG_001038.jpg 38 564,222,632,301
resizeIMG_001039.jpg 38 500,268,634,356
resizeIMG_001041.jpg 38 526,296,650,378
resizeIMG_001042.jpg 38 516,304,660,386
resizeIMG_001044.jpg 38 545,293,683,380
resizeIMG_001046.jpg 38 564,262,674,380
resizeIMG_001047.jpg 38 548,232,618,290
resizeIMG_001050.jpg 38 426,356,546,440
resizeIMG_001052.jpg 38 498,246,544,330
resizeIMG_001054.jpg 38 470,246,590,345
resizeIMG_001056.jpg 38 470,257,606,375
resizeIMG_001057.jpg 38 424,232,516,285
resizeIMG_001058.jpg 38 349,270,404,338
resizeIMG_001059.jpg 38 413,318,459,381
resizeIMG_001063.jpg 38 324,184,458,316
resizeIMG_001064.jpg 38 460,184,652,335
resizeIMG_001065.jpg 38 514,212,638,362
resizeIMG_001066.jpg 38 514,187,642,378
resizeIMG_001069.jpg 38 467,68,700,329
resizeIMG_001071.jpg 38 467,198,650,394
resizeIMG_001072.jpg 38 203,564,604,963
resizeIMG_001075.jpg 38 380,124,602,371
resizeIMG_001080.jpg 38 394,148,594,466
resizeIMG_001081.jpg 38 385,142,591,423
resizeIMG_001082.jpg 38 380,84,564,396
resizeIMG_001085.jpg 38 282,182,534,482
resizeIMG_001088.jpg 38 368,125,638,496
resizeIMG_001089.jpg 38 312,208,557,558
resizeIMG_001091.jpg 38 62,264,668,1010
resizeIMG_001094.jpg 38 12,302,27,318
resizeIMG_001096.jpg 38 643,274,720,429
resizeIMG_001099.jpg 38 402,31,516,102
resizeIMG_001100.jpg 38 456,170,528,330
resizeIMG_001102.jpg 38 424,278,462,308
resizeIMG_001105.jpg 38 185,433,228,468
resizeIMG_001108.jpg 38 391,140,753,412
resizeIMG_001109.jpg 38 337,70,762,481
resizeIMG_001110.jpg 38 360,72,666,572
resizeIMG_001111.jpg 38 348,104,624,463
resizeIMG_001112.jpg 38 212,134,590,486
resizeIMG_001114.jpg 38 305,102,662,461
resizeIMG_001115.jpg 38 385,98,643,556
resizeIMG_001116.jpg 38 370,44,666,504
resizeIMG_001117.jpg 38 226,229,512,467
resizeIMG_001120.jpg 38 340,173,552,444
resizeIMG_001122.jpg 38 201,223,560,506
resizeIMG_001123.jpg 38 232,29,706,450
resizeIMG_001125.jpg 38 252,19,605,429
resizeIMG_001127.jpg 38 447,34,832,536
resizeIMG_001132.jpg 7 290,273,572,487
resizeIMG_001133.jpg 7 267,361,503,645
resizeIMG_001137.jpg 19 402,195,634,379
resizeIMG_001138.jpg 19 393,197,621,379
resizeIMG_001139.jpg 16 502,277,556,334
resizeIMG_001144.jpg 71 351,238,868,478
resizeIMG_001146.jpg 71 308,194,692,427
resizeIMG_001150.jpg 71 264,154,737,448
resizeIMG_001153.jpg 71 490,72,744,582
resizeIMG_001155.jpg 71 528,20,764,536
resizeIMG_001156.jpg 71 494,94,714,416
resizeIMG_001157.jpg 71 582,136,926,384
resizeIMG_001159.jpg 71 464,150,757,430
resizeIMG_001160.jpg 71 403,48,706,354
resizeIMG_001162.jpg 71 324,94,730,510
resizeIMG_001163.jpg 71 342,120,801,427
resizeIMG_001164.jpg 71 314,104,630,550
resizeIMG_001166.jpg 71 422,200,602,329
resizeIMG_001170.jpg 86 463,236,617,328
resizeIMG_001171.jpg 86 411,278,504,341
resizeIMG_001174.jpg 86 443,252,549,382
resizeIMG_001179.jpg 86 377,263,572,410
resizeIMG_001180.jpg 86 395,279,556,388
resizeIMG_001181.jpg 86 351,233,581,381
resizeIMG_001182.jpg 86 334,233,563,385
resizeIMG_001183.jpg 86 385,226,619,381
resizeIMG_001186.jpg 86 420,190,613,401
resizeIMG_001187.jpg 86 446,199,596,404
resizeIMG_001188.jpg 86 482,242,542,331
resizeIMG_001189.jpg 86 475,256,534,352
resizeIMG_001190.jpg 86 465,241,543,362
resizeIMG_001193.jpg 86 479,265,536,332
resizeIMG_001196.jpg 86 476,225,536,370
resizeIMG_001199.jpg 86 479,203,580,341
resizeIMG_001201.jpg 86 412,47,599,385
resizeIMG_001202.jpg 86 454,252,629,383
resizeIMG_001203.jpg 86 463,266,566,361
resizeIMG_001204.jpg 86 409,328,608,433
resizeIMG_001206.jpg 45 292,224,604,438
resizeIMG_001212.jpg 15 451,152,577,347
resizeIMG_001213.jpg 15 473,219,600,412
resizeIMG_001214.jpg 15 478,178,609,289
resizeIMG_001215.jpg 15 440,256,567,361
resizeIMG_001218.jpg 15 449,255,598,384
resizeIMG_001219.jpg 15 386,227,535,356
resizeIMG_001220.jpg 15 438,227,543,318
resizeIMG_001223.jpg 15 477,178,651,380
resizeIMG_001224.jpg 15 400,151,599,393
resizeIMG_001227.jpg 15 341,203,520,430
resizeIMG_001231.jpg 63 326,81,673,489
resizeIMG_001235.jpg 63 387,135,689,468
resizeIMG_001236.jpg 63 384,96,688,415
resizeIMG_001237.jpg 63 350,104,659,423
resizeIMG_001238.jpg 63 365,143,669,510
resizeIMG_001239.jpg 63 417,70,806,495
resizeIMG_001240.jpg 63 340,104,722,499
resizeIMG_001241.jpg 40 469,256,535,312
resizeIMG_001243.jpg 40 377,238,535,348
resizeIMG_001247.jpg 40 451,239,563,318
resizeIMG_001248.jpg 40 429,310,535,386
resizeIMG_001250.jpg 40 469,239,580,319
resizeIMG_001251.jpg 40 443,227,556,308
resizeIMG_001253.jpg 40 425,212,575,314
resizeIMG_001256.jpg 40 432,225,582,332
resizeIMG_001258.jpg 40 433,266,576,370
resizeIMG_001259.jpg 40 420,224,565,322
resizeIMG_001260.jpg 40 386,206,533,306
resizeIMG_001261.jpg 40 416,240,566,343
resizeIMG_001264.jpg 40 429,250,536,313
resizeIMG_001266.jpg 40 393,202,537,289
resizeIMG_001267.jpg 40 416,187,572,280
resizeIMG_001269.jpg 40 401,249,551,340
resizeIMG_001270.jpg 40 395,267,541,356
resizeIMG_001271.jpg 40 401,220,536,313
resizeIMG_001273.jpg 40 422,263,559,356
resizeIMG_001275.jpg 40 425,222,580,318
resizeIMG_001277.jpg 40 400,239,552,335
resizeIMG_001280.jpg 40 435,240,556,317
resizeIMG_001282.jpg 40 442,231,581,323
resizeIMG_001284.jpg 40 453,243,573,329
resizeIMG_001287.jpg 40 425,203,565,323
resizeIMG_001290.jpg 40 403,239,546,314
resizeIMG_001296.jpg 80 470,174,626,411
resizeIMG_001298.jpg 80 256,66,516,333
resizeIMG_001299.jpg 80 375,138,631,399
resizeIMG_001300.jpg 80 434,130,715,402
resizeIMG_001301.jpg 80 336,161,586,450
resizeIMG_001302.jpg 80 367,189,547,367
resizeIMG_001305.jpg 80 422,208,525,347
resizeIMG_001306.jpg 80 433,237,561,371
resizeIMG_001307.jpg 80 463,220,590,355
resizeIMG_001309.jpg 80 408,192,602,362
resizeIMG_001315.jpg 80 456,205,564,275
resizeIMG_001316.jpg 80 382,201,537,262
resizeIMG_001318.jpg 80 473,260,498,290
resizeIMG_001319.jpg 80 461,248,523,329
resizeIMG_001323.jpg 80 458,229,580,385
resizeIMG_001325.jpg 80 409,176,587,342
resizeIMG_001326.jpg 80 471,310,640,460
resizeIMG_001329.jpg 80 466,217,551,310
resizeIMG_001337.jpg 80 367,18,760,443
resizeIMG_001338.jpg 80 336,83,681,471
resizeIMG_001339.jpg 80 370,100,707,481
resizeIMG_001340.jpg 80 390,93,756,493
resizeIMG_001341.jpg 80 239,0,625,356
resizeIMG_001342.jpg 80 328,120,668,451
resizeIMG_001343.jpg 80 189,1,636,380
resizeIMG_001346.jpg 80 458,187,580,298
resizeIMG_001347.jpg 80 407,144,695,407
resizeIMG_001348.jpg 80 490,149,724,418
resizeIMG_001349.jpg 2 461,145,585,226
resizeIMG_001352.jpg 2 357,51,498,163
resizeIMG_001353.jpg 2 491,92,632,205
resizeIMG_001357.jpg 2 435,260,579,363
resizeIMG_001358.jpg 2 413,266,519,383
resizeIMG_001359.jpg 2 440,259,592,372
resizeIMG_001360.jpg 2 503,175,579,308
resizeIMG_001361.jpg 2 408,150,500,275
resizeIMG_001362.jpg 2 446,211,551,329
resizeIMG_001367.jpg 2 418,321,558,424
resizeIMG_001371.jpg 29 497,184,595,286
resizeIMG_001372.jpg 29 457,177,582,312
resizeIMG_001375.jpg 29 460,205,592,315
resizeIMG_001378.jpg 29 459,189,606,321
resizeIMG_001379.jpg 29 458,176,603,312
resizeIMG_001380.jpg 29 508,230,583,303
resizeIMG_001381.jpg 29 465,238,562,336
resizeIMG_001383.jpg 29 489,265,563,332
resizeIMG_001384.jpg 29 467,228,563,320
resizeIMG_001385.jpg 29 472,223,560,315
resizeIMG_001387.jpg 29 437,200,575,340
resizeIMG_001389.jpg 20 482,173,654,329
resizeIMG_001390.jpg 20 427,228,598,386
resizeIMG_001391.jpg 20 422,137,594,302
resizeIMG_001394.jpg 20 366,165,547,302
resizeIMG_001395.jpg 20 439,226,619,351
resizeIMG_001399.jpg 20 401,198,507,302
resizeIMG_001404.jpg 20 411,102,572,248
resizeIMG_001406.jpg 20 469,249,594,326
resizeIMG_001408.jpg 20 476,251,620,345
resizeIMG_001410.jpg 20 614,72,746,170
resizeIMG_001412.jpg 20 394,287,534,362
resizeIMG_001413.jpg 20 446,203,593,295
resizeIMG_001414.jpg 20 446,128,568,208
resizeIMG_001416.jpg 20 488,177,620,265
resizeIMG_001417.jpg 20 471,204,582,291
resizeIMG_001421.jpg 20 414,201,522,292
resizeIMG_001422.jpg 20 448,107,562,210
resizeIMG_001424.jpg 20 455,135,609,258
resizeIMG_001425.jpg 20 418,244,548,364
resizeIMG_001426.jpg 20 484,215,606,338